video_validation_0000661 54.1 63.5 68 0.309626
video_validation_0000661 108.4 129.4 68 0.462348
video_validation_0000661 115.7 106.4 68 0.192285
video_validation_0000661 132.9 127.4 68 0.102046
video_validation_0000662 2.6 9.0 68 0.249091
video_validation_0000662 23.4 45.1 68 0.920664
video_validation_0000662 17.9 55.0 68 0.189999
video_validation_0000662 57.8 49.6 68 0.227543
video_validation_0000662 68.3 83.3 68 0.924444
video_validation_0000662 80.8 97.4 68 0.865062
video_validation_0000662 81.9 86.0 68 0.805780
video_validation_0000663 5.4 5.3 68 0.947115
video_validation_0000663 31.0 10.1 68 0.276167
video_validation_0000663 49.5 82.1 68 0.396323
video_validation_0000663 93.2 90.7 68 0.971210
video_validation_0000663 99.5 108.3 68 0.863325
video_validation_0000663 111.4 108.0 68 0.871397
video_validation_0000663 127.9 140.6 68 0.676246
video_validation_0000663 186.2 199.4 68 0.587414
video_validation_0000663 184.4 210.9 68 0.207538
video_validation_0000663 191.7 214.6 68 0.770248
video_validation_0000663 197.4 220.7 68 0.615923
video_validation_0000664 34.3 30.0 68 0.478702
video_validation_0000664 36.4 52.2 68 0.349099
video_validation_0000664 36.3 51.9 68 0.745385
video_validation_0000664 40.5 55.5 68 0.087008
video_validation_0000664 58.4 67.2 68 0.161081
video_validation_0000664 59.5 77.1 68 0.285274
video_validation_0000664 76.4 93.4 68 0.019478
video_validation_0000664 107.5 96.0 68 0.426563
video_validation_0000665 38.1 36.9 68 0.269299
video_validation_0000665 44.4 54.5 68 0.117687
video_validation_0000665 29.7 47.7 68 0.064384
video_validation_0000665 40.2 44.0 68 0.232689
video_validation_0000665 62.8 86.6 68 0.394527
video_validation_0000665 91.4 117.1 68 0.750217
video_validation_0000665 91.1 128.0 68 0.362771
video_validation_0000665 195.8 204.0 68 0.331355
video_validation_0000665 209.1 212.0 68 0.629130
video_validation_0000665 201.0 215.9 68 0.988503
video_validation_0000665 208.0 224.7 68 0.000397
video_validation_0000666 203.8 208.1 68 0.786229
video_validation_0000666 223.8 227.1 68 0.183402
video_validation_0000666 240.1 245.0 68 0.651801
video_validation_0000666 275.2 292.1 68 0.792677
video_validation_0000666 293.3 295.3 68 0.997653
video_validation_0000666 317.5 318.7 68 0.182723
video_validation_0000666 324.5 330.4 68 0.941085
video_validation_0000666 362.9 374.7 68 0.952472
video_validation_0000666 381.7 367.6 68 0.146688
video_validation_0000666 389.5 406.7 68 0.072302
video_validation_0000666 431.1 436.3 68 0.232541
video_validation_0000666 447.7 478.3 68 0.367547
video_validation_0000666 461.1 490.3 68 0.816367
video_validation_0000666 481.2 487.3 68 0.365615
video_validation_0000666 518.9 528.2 68 0.463376
video_validation_0000666 537.3 548.5 68 0.532691
video_validation_0000666 552.7 569.1 68 0.289965
video_validation_0000666 569.7 582.1 68 0.203892
video_validation_0000666 621.9 625.7 68 0.549157
video_validation_0000666 629.9 661.5 68 0.208383
video_validation_0000667 -2.7 11.2 68 0.287366
video_validation_0000667 37.1 30.4 68 0.107370
video_validation_0000667 56.0 47.0 68 0.503905
video_validation_0000668 -13.8 17.3 68 0.387442
video_validation_0000668 8.2 18.0 68 0.931593
video_validation_0000668 22.4 13.7 68 0.725781
video_validation_0000668 26.0 21.1 68 0.637742
video_validation_0000668 33.8 42.4 68 0.617985
video_validation_0000668 38.4 32.0 68 0.719694
video_validation_0000668 53.8 47.8 68 0.051413
video_validation_0000668 64.5 69.6 68 0.827650
video_validation_0000668 57.1 74.8 68 0.853718
video_validation_0000668 68.2 70.9 68 0.076023
video_validation_0000668 66.8 70.2 68 0.860181
video_validation_0000668 83.4 91.4 68 0.156355
video_validation_0000668 98.5 88.8 68 0.611387
video_validation_0000668 101.2 102.2 68 0.000048
video_validation_0000668 97.2 117.8 68 0.007004
video_validation_0000668 90.4 96.6 68 0.603407
video_validation_0000668 95.3 113.0 68 0.355863
video_validation_0000668 123.1 118.5 68 0.324555
video_validation_0000668 128.6 132.3 68 0.240455
video_validation_0000668 128.9 128.1 68 0.258642
video_validation_0000668 148.1 143.0 68 0.656983
video_validation_0000668 147.7 164.9 68 0.333422
video_validation_0000668 148.4 166.6 68 0.863929
video_validation_0000668 145.3 174.7 68 0.807625
video_validation_0000668 166.0 170.1 68 0.602437
video_validation_0000668 168.1 186.2 68 0.096720
video_validation_0000668 176.9 192.9 68 0.625833
video_validation_0000668 173.0 178.6 68 0.456854
video_validation_0000668 185.2 195.8 68 0.441232
video_validation_0000668 187.7 202.8 68 0.376869
video_validation_0000668 201.4 227.2 68 0.477351
video_validation_0000668 207.3 225.1 68 0.829299
video_validation_0000668 235.7 242.2 68 0.616203
video_validation_0000668 230.7 255.3 68 0.005368
video_validation_0000668 242.0 254.2 68 0.924839
video_validation_0000668 250.7 256.2 68 0.654962
video_validation_0000668 267.2 262.4 68 0.454069
video_validation_0000668 271.3 279.2 68 0.633822
video_validation_0000668 281.0 263.3 68 0.100862
video_validation_0000668 264.2 274.6 68 0.835003
video_validation_0000668 287.7 281.3 68 0.938799
video_validation_0000668 292.9 307.7 68 0.317444
video_validation_0000668 292.1 318.0 68 0.519784
video_validation_0000668 305.9 305.8 68 0.152803
video_validation_0000668 330.4 327.3 68 0.416823
video_validation_0000668 315.5 336.5 68 0.126734
video_validation_0000668 335.6 357.6 68 0.494911
video_validation_0000669 47.8 50.3 68 0.105166
video_validation_0000669 54.6 79.2 68 0.724371
video_validation_0000669 84.0 113.2 68 0.245622
video_validation_0000669 128.9 131.0 68 0.355567
video_validation_0000669 127.9 127.1 68 0.388423
video_validation_0000669 136.3 157.0 68 0.279882
video_validation_0000669 163.6 148.5 68 0.355002
video_validation_0000669 159.9 175.2 68 0.456251
video_validation_0000670 60.1 88.0 68 0.546487